100
76 860446041732160583
701 845425680403570376
168276523232227112 203014815331300473
242 268276101540727880
246 431338452464043803
710882528624076415 710882528624076418
381430124675126122 381430124675126132
187 514478680616422061
80 314276253861848118
712 627022642518487608
704 215408114728726636
580 201151243482164317
454 746875645877705876
201 630215682463712156
77776 77777
136414677463007835 136414677463007845
431 828274328561211010
1 2
165 171514811712675517
650738416176680440 650738416176680448
481218478530183310 833667421251205108
127 266251850417205823
115 107428002723533831
737 885050173634435566
223206538508761636 223206538508761642
88218507455812843 88218507455812844
520 337862238457176530
4 438125208540165271
260 200743128186753071
110 232485753723837586
858177588018448678 858177588018448684
281784176824280213 288600737166340042
2 3
5 526642733743280162
473 226324284221315324
68 173223833834384475
763 441278824821113413
216403737862675873 788470752542375567
57046612561855237 57046612561855246
343210430451871078 723760562472513362
713 278500156874688565
508 223136002185450735
302 203035038673157871
430544215476165335 430544215476165345
655783856003141452 655783856003141462
860 804636225288271714
761 162600711541015231
445 114541780352748225
73 804008161307410780
42 231452753355608612
581 644010540348231203
284677684317010750 817871057326534840
88 102
218 362884677608284274
100 847673168277263186
112 880774311445838530
668 838237402255546185
711234602084556232 711234602084556236
41664428455314146 400822164014256703
642016651313205154 642016651313205158
750387528402120075 874720511314723723
24 117555376634203280
31012523046248554 664237665515144425
528 847664748157004575
853752776225036838 853752776225036840
528 426042460216263452
1 1000000000000000000
502583380848672556 671453222721035703
865 600673222560572052
776 745223616610443848
807 430883078854366155
33 754068070258035485
622 633234018288864241
238 666677761867454000
321 660864858564234745
542 344283602445465701
868 654586880785361816
108884243263625673 177536726242221745
4600715071546216 435767757008140418
110747427354244623 625314647338307157
18354187207863037 484528702111785352
642353882428101161 642353882428101171
16 26
110481258677364805 154633334753101412
876 704162462471187115
526661334444041444 846352286507053230
207726865223562518 615402610547478250
746 326645731576423436
311528240688242216 311528240688242224
33 138821028231451306
53006557040722181 53006557040722185
550015215056713770 550015215056713771
530658851660877482 802737047173807345
78101325202762582 78101325202762588
148516721678846630 148516721678846640
171482630763866500 260301435205010556
163751123457428207 771641482855260813
40006478577316125 40006478577316130
86 271560852475670554
437 512236533612763264
