100
75071 75081
345238 772818
372 484023
573 832164
152 333442
532 817880
556 525071
111360 700144
358 162863
258338 258346
424 786040
752110 752120
225256 225262
565 661166
303 246414
728 746680
77776 77777
377060 377068
20 543362
320762 320763
340 502675
743 588587
348 528515
60 876113
128 565664
244263 584131
342413 342417
620 307024
164 620486
127380 340312
28167 46376
162147 162156
365375 365385
50 144422
50470 833717
30071 884436
458 385021
182485 320271
543 206072
53 141337
822301 822311
821 820027
577328 735666
107 151034
30 731741
76472 367477
385 581422
261008 261012
804250 804254
452 407272
42 445081
516 463544
575 668753
638277 638283
867804 867812
187842 540311
28 351573
358 253331
126517 665732
673456 673463
664 253172
287817 874882
64217 641324
15 485418
146 133037
233 421312
563 526872
411 155123
16 26
124 705876
440 352750
88154 536135
715870 715875
88 102
58110 107008
728008 728013
835664 835672
343552 343560
385 118470
223 354577
527 155558
770 601100
614 812866
860 410020
288413 680361
164 202265
5 834436
362 770323
634 811703
511 410353
753 386004
76738 232465
150528 150538
1 1000000
80840 236560
1 2
530171 725687
2 3
188 420180
104 573535
