100
100 100 1
86 86 0
56 56 1
35 35 0
95 95 0
32 32 1
51 51 0
2 2 0
99 99 1
27 27 0
54 54 0
10 10 1
12 12 0
92 92 0
82 82 1
22 22 1
43 43 0
94 94 0
40 40 0
6 6 1
64 64 0
87 87 0
45 45 1
30 30 1
11 11 1
58 58 1
76 76 0
37 37 0
47 47 0
100 100 0
53 53 1
83 83 0
66 66 0
70 70 1
91 91 0
23 23 0
26 26 1
20 20 1
17 17 0
15 15 0
44 44 0
90 90 1
38 38 1
55 55 1
3 3 1
98 98 0
97 97 1
65 65 1
84 84 1
4 4 0
39 39 0
88 88 1
81 81 1
52 52 0
28 28 0
72 72 1
73 73 1
77 77 1
13 13 1
33 33 1
62 62 0
18 18 0
46 46 0
75 75 1
96 96 0
79 79 0
78 78 1
24 24 1
50 50 0
34 34 0
5 5 0
71 71 0
89 89 1
42 42 0
69 69 1
36 36 1
57 57 0
61 61 1
19 19 1
48 48 1
63 63 1
31 31 0
25 25 1
68 68 1
80 80 0
59 59 0
67 67 1
8 8 0
93 93 1
41 41 0
14 14 0
74 74 0
49 49 1
7 7 0
16 16 1
21 21 1
1 1 0
60 60 1
29 29 1
85 85 1
9 9 1
97 89 61
32 32 1
83 83 1
50 50 0
88 88 1
15 15 1
91 91 0
14 14 1
51 51 0
95 95 0
84 84 1
68 68 0
19 19 1
86 86 1
70 70 1
63 63 1
66 66 1
82 82 0
12 12 0
33 33 1
11 11 1
76 76 0
17 17 0
55 55 0
16 16 0
75 75 0
30 30 0
54 54 1
18 18 0
42 42 0
90 90 1
62 62 1
29 29 1
43 43 1
23 23 1
28 28 1
1 1 0
34 34 0
25 25 0
78 78 0
59 59 1
79 79 0
69 69 1
22 22 0
38 38 0
57 57 0
44 44 1
13 13 0
64 64 1
37 37 0
24 24 0
4 4 0
9 9 1
48 48 0
85 85 1
67 67 0
61 61 1
8 8 1
81 81 0
96 96 0
47 47 0
31 31 1
21 21 1
3 3 0
39 39 1
46 46 0
71 71 1
35 35 1
36 36 1
80 80 1
87 87 1
77 77 1
26 26 1
58 58 0
6 6 1
45 45 0
94 94 0
60 60 1
49 49 1
56 56 1
20 20 0
41 41 0
2 2 1
89 89 1
53 53 0
92 92 1
52 52 1
27 27 0
72 72 1
74 74 0
91 10 661917857385418836
35 35 0
68 68 0
28 28 1
47 47 0
54 54 1
40 40 0
52 52 1
89 89 0
48 48 1
36 36 1
5 2 2
1 1 0
5 5 1
100 35 999287844634356690
94 94 1
65 65 1
45 45 1
56 56 1
26 26 0
10 10 0
68 68 0
41 41 1
72 72 0
39 39 1
86 86 0
14 14 0
91 91 1
2 2 0
59 59 0
83 83 0
24 24 1
95 95 0
21 21 0
61 61 1
5 5 0
4 4 1
16 16 0
11 11 0
90 90 0
38 38 1
3 3 1
100 100 0
27 27 0
6 6 1
80 80 0
67 67 1
9 9 1
98 98 1
85 85 0
100 45 12591158009677996
49 49 1
22 22 0
51 51 1
8 8 1
38 38 1
17 17 1
15 15 1
60 60 0
44 44 1
86 86 0
99 99 0
81 81 0
23 23 1
45 45 1
91 91 0
75 75 0
76 76 0
14 14 1
97 97 1
41 41 1
96 96 0
93 93 1
6 6 0
10 10 1
42 42 0
83 83 0
33 33 0
72 72 0
7 7 1
69 69 0
11 11 1
57 57 0
37 37 0
36 36 0
32 32 0
94 94 1
39 39 0
52 52 0
13 13 1
18 18 1
63 63 0
56 56 1
16 16 0
29 29 1
1 1 1
100 81 67777
3 3 1
77 77 0
89 89 0
30 30 1
50 50 0
60 60 0
45 45 1
91 91 1
72 72 1
44 44 1
83 83 1
31 31 0
35 35 0
21 21 1
40 40 0
57 57 0
63 63 1
24 24 0
27 27 0
22 22 1
71 71 0
92 92 1
73 73 1
25 25 1
2 2 1
96 96 1
15 15 1
62 62 1
34 34 1
14 14 1
99 99 1
76 76 1
93 93 1
39 39 1
80 80 0
68 68 0
29 29 0
59 59 1
58 58 1
36 36 1
4 4 1
82 82 1
38 38 0
78 78 0
32 32 0
88 88 0
18 18 1
19 19 0
53 53 1
6 6 1
41 41 0
84 84 0
97 97 1
49 49 1
5 5 0
74 74 1
54 54 0
23 23 1
75 75 1
87 87 1
86 86 0
10 10 0
42 42 1
64 64 1
100 100 0
94 94 0
12 12 1
8 8 0
37 37 1
61 61 1
47 47 0
1 1 0
81 81 1
85 85 0
98 98 1
17 17 1
9 9 0
26 26 0
52 52 1
69 69 0
33 33 0
96 43 3444892638143556
42 42 0
14 14 1
41 41 1
85 85 0
52 52 0
48 48 0
2 2 0
79 79 0
4 4 1
68 68 0
73 73 1
17 17 1
29 29 1
32 32 0
1 1 1
83 83 1
20 20 0
40 40 0
57 57 1
22 22 0
63 63 0
61 61 1
51 51 0
36 36 1
58 58 1
62 62 1
60 60 0
39 39 0
44 44 0
87 87 1
45 45 0
31 31 0
13 13 1
21 21 1
10 10 1
71 71 0
55 55 1
92 92 0
30 30 1
56 56 1
78 78 1
80 80 1
66 66 0
97 36 873011462036027532
62 62 0
88 88 1
58 58 1
56 56 0
10 10 0
84 84 0
66 66 1
93 93 0
15 15 1
7 7 1
8 8 1
40 40 1
21 21 1
42 42 1
89 89 0
69 69 0
95 95 0
77 77 0
18 18 0
79 79 0
65 65 1
13 13 1
74 74 0
2 2 1
67 67 0
96 96 1
72 72 1
90 90 1
68 68 0
46 46 1
52 52 0
33 33 1
34 34 0
39 39 0
48 48 0
50 50 1
6 1 10
6 6 0
97 44 3999245518740734
50 50 0
78 78 0
59 59 0
52 52 1
46 46 1
61 61 1
74 74 1
94 94 0
35 35 1
1 1 0
86 86 0
15 15 1
64 64 1
29 29 1
87 87 0
88 88 0
83 83 1
95 95 1
48 48 0
2 2 1
28 28 1
79 79 0
6 6 1
76 76 0
72 72 1
26 26 1
27 27 0
71 71 1
54 54 0
10 10 0
23 23 1
43 43 0
7 7 0
67 67 0
53 53 0
96 96 1
70 70 0
40 40 0
3 3 0
30 30 0
12 12 0
89 89 1
49 49 0
45 45 1
91 16 784989007626453188
38 38 0
87 87 0
27 27 1
15 15 0
25 25 1
85 85 0
30 30 0
58 58 1
21 21 1
62 62 0
44 44 0
47 47 1
34 34 1
29 29 1
64 64 1
37 37 1
93 57 55197071750
52 52 1
24 24 0
59 59 0
15 15 1
70 70 0
7 7 0
39 39 1
35 35 0
28 28 1
51 51 1
26 26 0
50 50 0
45 45 1
32 32 0
11 11 1
91 91 1
19 19 0
64 64 0
88 88 1
48 48 1
47 47 1
42 42 0
77 77 1
90 90 0
63 63 1
31 31 1
23 23 1
55 55 0
44 44 1
57 57 0
84 84 1
43 43 0
20 20 1
67 67 1
62 62 1
46 46 1
54 54 1
41 41 1
37 37 0
87 87 1
8 8 0
40 40 0
36 36 1
22 22 1
14 14 1
58 58 0
89 89 1
71 71 1
74 74 1
18 18 0
85 85 1
53 53 1
61 61 0
9 9 0
17 17 0
12 12 0
92 92 0
93 45 238949769116154
76 76 1
57 57 0
33 33 1
24 24 1
12 12 1
86 86 1
59 59 0
66 66 0
74 74 0
36 36 0
41 41 0
9 9 0
73 73 0
22 22 1
69 69 1
60 60 1
16 16 0
91 91 1
32 32 0
77 77 1
18 18 0
62 62 0
92 92 1
37 37 0
38 38 1
44 44 1
15 15 0
40 40 0
83 83 1
4 4 0
72 72 0
75 75 0
82 82 1
20 20 0
25 25 1
68 68 1
55 55 0
21 21 0
51 51 0
35 35 0
31 31 1
8 8 1
13 13 1
45 45 0
10 10 1
94 11 577042218003446011
31 31 0
57 57 1
82 82 1
9 9 0
37 37 1
29 29 0
11 11 0
65 65 0
1 1 1
50 50 0
56 56 0
100 33 463120138381094198
86 86 1
59 59 0
18 18 1
96 96 0
65 65 1
82 82 0
41 41 0
17 17 1
64 64 1
63 63 0
11 11 0
32 32 0
5 5 1
20 20 0
56 56 0
8 8 1
57 57 1
37 37 1
62 62 1
53 53 0
3 3 0
30 30 1
15 15 1
26 26 0
90 90 0
55 55 1
78 78 0
100 100 0
74 74 0
95 95 1
91 91 1
68 68 0
88 88 1
98 9 711085009233460114
45 45 1
51 51 0
34 34 1
10 10 0
9 9 0
24 24 1
37 37 0
87 87 0
56 56 0
98 96 2
54 54 1
90 90 0
71 71 0
98 98 0
35 35 1
32 32 1
8 8 1
60 60 0
55 55 0
21 21 0
34 34 1
45 45 1
77 77 1
86 86 0
37 37 1
15 15 0
5 5 1
70 70 1
20 20 1
80 80 1
19 19 0
31 31 0
24 24 1
94 94 1
4 4 0
85 85 0
58 58 0
56 56 1
84 84 1
91 91 0
81 81 0
16 16 1
30 30 0
26 26 1
52 52 0
97 97 1
33 33 0
11 11 0
6 6 1
89 89 0
22 22 1
82 82 0
50 50 1
44 44 0
93 93 0
18 18 0
12 12 0
7 7 1
87 87 0
62 62 1
68 68 0
43 43 0
53 53 1
14 14 1
72 72 1
17 17 0
10 10 0
59 59 1
29 29 0
51 51 1
61 61 0
75 75 0
3 3 1
57 57 1
92 92 1
1 1 0
73 73 0
88 88 1
74 74 0
40 40 1
41 41 1
2 2 0
67 67 0
36 36 1
69 69 0
27 27 0
95 95 0
48 48 1
79 79 0
23 23 0
96 96 0
38 38 1
65 65 0
76 76 0
47 47 0
49 49 0
83 83 1
42 42 1
13 13 0
9 9 0
25 25 0
39 39 1
63 63 1
78 78 1
28 28 0
46 46 0
98 37 108499116889883004
93 93 0
87 87 0
40 40 0
50 50 0
7 7 0
52 52 0
44 44 1
53 53 1
42 42 0
61 61 0
89 89 1
72 72 1
8 8 0
31 31 1
84 84 1
10 10 1
65 65 1
20 20 0
92 92 1
85 85 0
59 59 0
32 32 1
30 30 0
4 4 1
11 11 1
17 17 1
1 1 1
47 47 1
79 79 0
69 69 0
13 13 0
62 62 1
96 96 1
24 24 1
22 22 1
57 57 1
27 27 1
95 93 1
81 81 1
20 20 0
64 64 0
43 43 1
45 45 1
41 41 0
93 93 1
42 42 1
79 79 0
24 24 0
50 50 1
83 83 0
58 58 0
51 51 1
86 86 1
90 90 1
76 76 1
22 22 1
4 4 0
36 36 0
94 94 1
26 26 0
55 55 1
47 47 1
77 77 1
10 10 1
61 61 0
48 48 0
37 37 1
16 16 0
19 19 1
57 57 0
70 70 1
27 27 0
68 68 1
44 44 0
5 5 0
71 71 1
8 8 1
29 29 1
17 17 0
12 12 0
63 63 0
88 88 1
54 54 0
40 40 0
84 84 1
74 74 0
75 75 1
69 69 0
14 14 0
59 59 1
18 18 0
89 89 1
82 82 1
72 72 0
85 85 1
25 25 0
67 67 1
21 21 1
28 28 1
30 30 0
87 87 0
95 95 1
56 56 0
31 31 0
39 39 1
78 78 1
80 80 1
32 32 0
3 3 1
49 49 0
52 52 1
35 35 0
38 38 0
91 91 0
65 65 0
34 34 0
2 2 1
92 92 1
7 7 0
66 66 1
73 73 0
62 62 0
46 46 1
53 53 0
6 6 1
11 11 0
13 13 1
9 9 0
23 23 0
60 60 0
33 33 0
100 77 7770327
62 62 1
23 23 1
5 5 0
52 52 0
85 85 1
35 35 1
47 47 1
2 2 1
28 28 1
10 10 1
81 81 0
44 44 0
8 8 0
67 67 1
94 94 1
45 45 0
100 100 0
17 17 0
21 21 0
49 49 1
4 4 0
42 42 1
72 72 0
39 39 0
64 64 1
74 74 1
14 14 0
79 79 0
6 6 1
95 95 0
76 76 0
20 20 0
46 46 1
55 55 1
68 68 0
61 61 1
18 18 1
9 9 0
63 63 1
30 30 1
51 51 0
15 15 1
54 54 0
70 70 0
93 93 0
16 16 1
53 53 1
7 7 1
38 38 1
60 60 1
56 56 1
22 22 0
69 69 0
11 11 1
1 1 1
59 59 0
12 12 0
77 77 1
90 90 1
80 80 1
32 32 0
19 19 1
27 27 0
92 92 0
73 73 0
31 31 0
86 86 0
87 87 0
84 84 1
41 41 0
97 97 0
89 89 0
83 83 0
57 57 1
34 34 0
88 88 0
75 75 0
96 69 758226
86 86 1
90 90 1
74 74 1
29 29 0
57 57 0
21 21 0
53 53 1
24 24 1
84 84 1
47 47 0
22 22 0
67 67 0
12 12 1
15 15 0
6 6 1
8 8 1
3 3 0
43 43 0
77 77 1
69 69 1
56 56 1
25 25 0
31 31 0
28 28 1
20 20 1
30 30 0
7 7 1
64 64 0
19 19 1
71 71 1
44 44 1
52 52 1
32 32 1
75 75 1
16 16 0
10 10 1
88 88 1
48 48 0
81 81 1
2 2 0
73 73 1
87 87 0
68 68 0
49 49 0
33 33 1
89 89 1
60 60 1
58 58 1
70 70 0
41 41 1
14 14 1
46 46 0
62 62 1
93 93 1
11 11 1
94 94 0
50 50 0
18 18 1
54 54 1
17 17 0
51 51 1
95 95 0
83 83 0
26 26 0
63 63 1
4 4 0
13 13 1
82 82 0
38 38 0
94 15 7659017790409255
18 18 0
35 35 0
34 34 1
45 45 1
27 27 0
75 75 1
64 64 1
49 49 1
82 82 1
52 52 0
74 74 1
89 89 0
43 43 0
32 32 1
77 77 0
100 100 1
1 1 0
2 2 0
3 3 1
4 4 0
5 5 1
6 6 0
7 7 1
8 8 0
9 9 1
10 10 1
11 11 1
12 12 0
13 13 0
14 14 0
15 15 1
16 16 0
17 17 0
18 18 0
19 19 1
20 20 0
21 21 1
22 22 1
23 23 1
24 24 0
25 25 1
26 26 0
27 27 0
28 28 1
29 29 1
30 30 1
31 31 1
32 32 0
33 33 0
34 34 0
35 35 1
36 36 0
37 37 0
38 38 1
39 39 0
40 40 1
41 41 0
42 42 0
43 43 0
44 44 0
45 45 1
46 46 0
47 47 0
48 48 0
49 49 0
50 50 0
51 51 1
52 52 0
53 53 0
54 54 0
55 55 0
56 56 0
57 57 0
58 58 1
59 59 1
60 60 0
61 61 0
62 62 1
63 63 1
64 64 1
65 65 1
66 66 0
67 67 0
68 68 0
69 69 0
70 70 1
71 71 1
72 72 0
73 73 0
74 74 0
75 75 0
76 76 1
77 77 0
78 78 1
79 79 1
80 80 1
81 81 1
82 82 0
83 83 1
84 84 1
85 85 1
86 86 1
87 87 1
88 88 0
89 89 1
90 90 0
91 91 1
92 92 1
93 93 0
94 94 1
95 95 0
96 96 0
97 97 1
98 98 0
99 99 0
100 100 1
92 38 15386422437371306
50 50 1
29 29 0
78 78 0
23 23 1
69 69 1
41 41 1
39 39 0
11 11 1
6 6 1
19 19 0
49 49 1
83 83 1
12 12 1
57 57 1
44 44 0
64 64 1
7 7 0
4 4 0
81 81 0
85 85 1
82 82 0
58 58 0
45 45 1
28 28 1
2 2 0
84 84 1
31 31 1
38 38 0
68 68 1
10 10 0
86 86 0
16 16 1
34 34 1
71 71 0
30 30 1
87 87 1
70 70 1
43 43 1
94 2 128438767506651765
1 1 0
28 28 1
95 85 173
72 72 1
58 58 0
13 13 1
20 20 1
4 4 0
91 91 0
43 43 0
90 90 0
82 82 0
49 49 0
17 17 0
81 81 1
1 1 0
37 37 1
11 11 0
24 24 1
28 28 0
76 76 0
93 93 1
22 22 1
6 6 0
45 45 0
18 18 1
84 84 1
47 47 1
38 38 0
85 85 0
39 39 0
59 59 0
68 68 0
61 61 1
87 87 1
67 67 0
92 92 0
79 79 1
44 44 0
19 19 1
60 60 0
70 70 1
41 41 0
29 29 1
35 35 0
16 16 1
77 77 1
66 66 0
42 42 1
71 71 1
62 62 1
65 65 1
40 40 1
53 53 1
27 27 1
80 80 0
23 23 1
50 50 1
12 12 1
8 8 1
89 89 0
88 88 1
52 52 1
2 2 0
15 15 1
21 21 1
10 10 0
36 36 0
30 30 0
57 57 0
5 5 1
46 46 0
74 74 0
78 78 1
75 75 1
55 55 1
26 26 0
83 83 0
32 32 0
95 95 0
48 48 1
54 54 1
33 33 0
94 94 0
3 3 0
73 73 1
51 51 0
14 14 1
93 79 180
14 14 0
68 68 1
35 35 0
9 9 0
38 38 0
45 45 0
70 70 1
77 77 1
86 86 1
52 52 0
32 32 0
7 7 0
91 91 0
31 31 0
27 27 0
43 43 0
24 24 1
65 65 0
33 33 0
30 30 1
88 88 0
29 29 1
85 85 1
58 58 0
89 89 0
60 60 0
93 93 0
1 1 1
46 46 1
82 82 1
36 36 1
87 87 0
64 64 0
10 10 0
16 16 1
47 47 1
4 4 0
37 37 0
49 49 1
8 8 0
42 42 0
13 13 1
80 80 1
75 75 0
59 59 0
76 76 1
81 81 1
84 84 0
69 69 1
17 17 0
3 3 1
40 40 0
54 54 1
6 6 1
63 63 0
44 44 0
22 22 1
83 83 1
34 34 1
11 11 0
20 20 0
5 5 1
67 67 0
21 21 1
78 78 1
71 71 0
62 62 1
25 25 0
56 56 1
12 12 0
61 61 0
53 53 1
2 2 1
72 72 0
74 74 1
66 66 0
55 55 0
73 73 1
50 50 1
97 97 1
39 39 0
33 33 0
3 3 0
36 36 0
31 31 1
34 34 0
28 28 0
17 17 1
47 47 1
64 64 1
85 85 1
42 42 0
35 35 0
40 40 0
45 45 1
48 48 1
84 84 1
16 16 0
53 53 0
92 92 0
70 70 0
71 71 0
91 91 1
80 80 1
79 79 1
78 78 1
86 86 0
9 9 1
95 95 0
87 87 0
41 41 0
15 15 1
74 74 0
68 68 1
81 81 0
89 89 1
23 23 0
37 37 0
19 19 0
50 50 0
51 51 1
97 97 1
75 75 0
90 90 1
83 83 0
69 69 0
4 4 0
13 13 1
77 77 0
38 38 1
30 30 0
24 24 1
10 10 1
5 5 1
11 11 0
56 56 0
25 25 1
12 12 0
18 18 1
14 14 1
20 20 0
93 93 0
96 96 0
27 27 0
59 59 0
1 1 0
21 21 0
6 6 1
73 73 0
65 65 1
46 46 0
7 7 1
57 57 0
60 60 0
94 94 0
58 58 1
76 76 1
61 61 0
66 66 1
29 29 0
88 88 1
55 55 1
67 67 1
49 49 0
63 63 1
44 44 1
8 8 1
26 26 0
82 82 1
2 2 1
72 72 0
32 32 1
52 52 0
62 62 1
54 54 1
43 43 0
22 22 1
5 2 8
5 5 0
2 2 1
98 80 86549
68 68 1
4 4 1
48 48 0
40 40 1
87 87 0
83 83 0
78 78 0
12 12 1
49 49 0
38 38 1
23 23 1
96 96 0
82 82 0
29 29 0
67 67 0
63 63 0
55 55 1
13 13 0
36 36 1
10 10 0
93 93 1
35 35 1
61 61 1
22 22 1
70 70 0
33 33 1
11 11 0
69 69 0
30 30 1
54 54 0
85 85 1
59 59 0
57 57 0
71 71 1
95 95 1
97 97 1
46 46 1
7 7 0
50 50 1
2 2 0
65 65 0
86 86 1
58 58 0
39 39 1
80 80 0
15 15 0
52 52 0
92 92 1
20 20 0
76 76 0
74 74 0
25 25 1
51 51 1
45 45 0
32 32 1
41 41 1
17 17 0
9 9 1
43 43 1
60 60 1
19 19 1
27 27 1
42 42 0
31 31 0
8 8 1
1 1 0
90 90 1
5 5 1
18 18 0
79 79 1
16 16 0
34 34 0
77 77 0
98 98 0
21 21 1
53 53 1
14 14 0
88 88 0
44 44 0
73 73 1
98 66 1345017790
59 59 1
64 64 0
92 92 0
21 21 1
95 95 1
15 15 0
25 25 0
87 87 0
85 85 1
51 51 1
40 40 0
93 93 1
41 41 0
30 30 1
38 38 0
2 2 1
20 20 0
79 79 0
12 12 1
28 28 1
90 90 0
3 3 1
65 65 1
6 6 1
13 13 0
10 10 1
56 56 0
88 88 0
71 71 1
9 9 1
31 31 1
76 76 0
67 67 1
23 23 1
32 32 0
44 44 0
4 4 0
7 7 0
61 61 0
37 37 0
69 69 0
49 49 1
89 89 1
8 8 1
24 24 1
45 45 1
39 39 0
74 74 1
82 82 0
70 70 0
27 27 1
91 91 0
36 36 1
54 54 1
86 86 1
98 98 1
1 1 1
78 78 0
66 66 1
17 17 1
68 68 1
53 53 0
34 34 0
63 63 0
33 33 0
96 96 0
91 1 638620719998905198
86 86 1
99 94 16
23 23 0
50 50 0
67 67 1
57 57 1
25 25 1
60 60 1
77 77 1
10 10 0
69 69 0
92 92 0
59 59 1
76 76 0
97 97 1
55 55 1
63 63 1
81 81 1
29 29 1
58 58 0
82 82 0
66 66 0
11 11 1
83 83 0
6 6 0
98 98 0
65 65 1
61 61 0
18 18 1
20 20 0
90 90 1
13 13 1
31 31 1
46 46 1
79 79 1
1 1 1
56 56 1
22 22 1
85 85 0
47 47 0
68 68 1
74 74 1
44 44 0
70 70 1
39 39 1
48 48 1
87 87 0
80 80 1
38 38 1
73 73 1
45 45 1
52 52 1
21 21 1
64 64 0
28 28 0
2 2 0
72 72 1
14 14 1
99 99 0
8 8 0
30 30 0
93 93 0
9 9 1
32 32 0
71 71 0
89 89 1
95 95 1
16 16 1
88 88 0
17 17 0
15 15 1
54 54 1
75 75 1
86 86 0
7 7 0
36 36 0
42 42 0
5 5 0
27 27 0
51 51 0
96 96 1
91 91 0
34 34 0
24 24 0
62 62 0
37 37 0
33 33 0
78 78 0
26 26 1
3 3 0
12 12 1
40 40 1
41 41 0
19 19 1
43 43 1
94 94 0
8 1 101
2 2 0
96 39 48845483772817686
90 90 1
59 59 1
58 58 1
87 87 0
82 82 0
35 35 0
64 64 1
9 9 0
71 71 0
11 11 1
8 8 1
25 25 0
44 44 0
74 74 0
47 47 1
50 50 1
86 86 1
48 48 1
85 85 1
41 41 0
69 69 0
93 93 1
61 61 1
16 16 1
65 65 0
2 2 0
79 79 1
29 29 1
37 37 1
94 94 1
38 38 0
72 72 0
96 96 0
73 73 1
36 36 1
70 70 1
19 19 0
60 60 1
30 30 0
97 45 682687272915000
42 42 1
86 86 1
28 28 0
93 93 0
67 67 0
55 55 0
34 34 1
33 33 1
4 4 1
22 22 1
5 5 0
73 73 1
7 7 0
96 96 1
78 78 0
14 14 1
71 71 1
1 1 1
40 40 0
95 95 0
56 56 0
25 25 1
87 87 1
41 41 0
37 37 1
18 18 0
90 90 0
39 39 1
53 53 0
19 19 1
81 81 1
76 76 0
13 13 0
72 72 1
80 80 0
38 38 1
29 29 0
92 92 1
31 31 0
77 77 1
74 74 0
45 45 1
32 32 1
60 60 0
9 9 1
92 56 10645088330
2 2 1
87 87 1
74 74 1
25 25 1
8 8 1
32 32 1
84 84 1
19 19 1
60 60 0
65 65 1
40 40 1
75 75 0
66 66 0
20 20 1
51 51 0
33 33 0
47 47 0
73 73 1
85 85 0
49 49 0
14 14 1
53 53 1
37 37 1
90 90 0
67 67 1
28 28 0
69 69 0
55 55 1
16 16 0
35 35 1
3 3 1
38 38 0
79 79 1
50 50 1
80 80 1
57 57 1
72 72 0
21 21 1
36 36 1
10 10 1
76 76 0
92 92 0
13 13 0
52 52 0
44 44 1
24 24 0
18 18 0
58 58 0
39 39 1
83 83 0
71 71 0
9 9 1
91 91 0
46 46 1
17 17 1
62 62 0
98 92 64
71 71 0
29 29 1
5 5 0
55 55 1
91 91 0
27 27 1
16 16 0
12 12 1
66 66 1
6 6 0
41 41 1
9 9 0
57 57 0
34 34 1
72 72 1
37 37 0
98 98 1
53 53 0
46 46 1
89 89 0
49 49 1
22 22 1
25 25 0
48 48 1
31 31 1
73 73 0
58 58 0
94 94 0
84 84 0
32 32 1
95 95 0
96 96 1
15 15 0
93 93 0
79 79 1
33 33 1
90 90 1
78 78 0
67 67 0
77 77 1
24 24 1
75 75 1
21 21 1
19 19 1
20 20 1
23 23 0
86 86 0
87 87 0
56 56 0
92 92 0
14 14 1
44 44 0
60 60 1
39 39 1
80 80 0
65 65 1
52 52 0
62 62 1
4 4 1
18 18 1
42 42 1
50 50 0
83 83 0
45 45 1
43 43 0
47 47 0
54 54 0
3 3 1
59 59 1
68 68 1
63 63 0
85 85 0
70 70 1
7 7 1
36 36 0
35 35 0
74 74 1
81 81 1
88 88 1
17 17 1
38 38 1
8 8 1
28 28 1
2 2 0
26 26 0
82 82 1
40 40 1
69 69 0
13 13 1
76 76 1
11 11 0
1 1 0
100 4 575412180460478734
48 48 1
91 91 0
97 97 0
18 18 0
99 86 4473
83 83 1
77 77 0
57 57 1
42 42 0
18 18 0
17 17 1
56 56 0
3 3 0
21 21 1
75 75 1
11 11 1
26 26 0
22 22 0
93 93 1
38 38 1
4 4 1
2 2 0
34 34 1
6 6 0
51 51 0
99 99 1
19 19 0
31 31 0
66 66 1
64 64 1
13 13 0
40 40 0
27 27 1
5 5 1
44 44 1
88 88 1
61 61 1
87 87 0
65 65 1
92 92 0
30 30 0
16 16 1
28 28 0
95 95 0
86 86 0
97 97 0
25 25 0
81 81 1
73 73 1
68 68 0
46 46 1
32 32 0
20 20 0
90 90 0
53 53 1
94 94 0
63 63 1
82 82 0
45 45 0
36 36 1
37 37 1
89 89 1
71 71 0
60 60 1
23 23 1
41 41 0
7 7 0
1 1 1
48 48 1
72 72 0
35 35 1
9 9 1
76 76 1
67 67 0
91 91 1
24 24 0
98 98 0
59 59 1
80 80 1
33 33 1
43 43 1
10 10 0
74 74 0
79 79 1
12 12 0
62 62 0
55 55 1
54 54 1
47 47 1
70 70 0
58 58 1
98 81 71405
89 89 0
47 47 0
61 61 0
85 85 0
69 69 0
60 60 0
32 32 1
72 72 0
94 94 1
36 36 0
30 30 1
84 84 0
20 20 0
27 27 1
86 86 1
83 83 0
49 49 0
23 23 0
33 33 0
9 9 1
34 34 0
40 40 0
18 18 1
2 2 0
51 51 0
45 45 1
80 80 1
98 98 0
62 62 1
17 17 0
8 8 1
70 70 1
16 16 0
73 73 1
96 96 0
25 25 0
92 92 1
56 56 0
57 57 0
59 59 1
13 13 1
79 79 1
77 77 0
5 5 1
54 54 1
46 46 0
88 88 1
39 39 1
48 48 1
37 37 1
6 6 1
31 31 0
75 75 1
53 53 0
38 38 1
74 74 1
63 63 1
97 97 1
19 19 1
24 24 1
87 87 0
78 78 0
52 52 0
14 14 1
7 7 1
29 29 0
68 68 1
12 12 1
66 66 0
26 26 0
67 67 1
11 11 0
22 22 0
82 82 1
50 50 1
44 44 1
28 28 1
10 10 1
95 95 0
1 1 0
4 4 1
96 54 2529923106135
21 21 0
91 91 0
86 86 1
29 29 1
95 95 0
35 35 1
83 83 0
93 93 1
49 49 1
81 81 1
54 54 0
69 69 0
43 43 0
1 1 0
64 64 1
13 13 1
85 85 0
26 26 1
56 56 1
46 46 0
39 39 0
80 80 0
67 67 1
15 15 1
89 89 1
59 59 0
24 24 1
18 18 1
72 72 1
50 50 1
33 33 1
84 84 0
62 62 0
47 47 0
92 92 0
53 53 0
63 63 0
52 52 1
9 9 0
76 76 1
70 70 1
68 68 1
87 87 1
10 10 0
23 23 1
61 61 0
3 3 1
16 16 1
90 90 1
32 32 1
20 20 0
7 7 1
60 60 1
2 2 1
99 9 451298472685935385
89 89 0
6 6 0
24 24 1
64 64 0
47 47 1
3 3 1
70 70 1
97 97 0
16 16 1
100 1 1000000000000000000
1 1 0
95 85 402
11 11 0
26 26 0
22 22 1
75 75 0
69 69 0
18 18 1
46 46 1
67 67 1
13 13 1
91 91 0
76 76 1
39 39 1
57 57 1
51 51 0
88 88 0
84 84 0
59 59 0
93 93 1
17 17 0
30 30 0
55 55 0
92 92 1
14 14 0
9 9 0
15 15 1
83 83 1
47 47 1
70 70 1
42 42 0
77 77 0
37 37 1
29 29 0
94 94 0
53 53 0
86 86 0
32 32 0
31 31 0
62 62 1
38 38 1
34 34 1
24 24 1
52 52 1
82 82 1
68 68 1
49 49 1
28 28 0
95 95 1
3 3 1
25 25 0
40 40 1
65 65 1
41 41 0
10 10 0
89 89 0
73 73 1
48 48 1
23 23 1
61 61 1
20 20 0
6 6 0
50 50 0
8 8 1
5 5 0
63 63 1
60 60 0
43 43 0
1 1 0
71 71 0
2 2 0
33 33 0
78 78 1
21 21 1
79 79 0
19 19 0
90 90 1
16 16 0
44 44 1
56 56 0
72 72 0
4 4 1
35 35 0
7 7 0
66 66 1
58 58 1
74 74 1
93 9 286462129430003484
1 1 1
60 60 0
13 13 1
5 5 1
31 31 1
92 92 0
57 57 0
47 47 0
24 24 1
97 19 469382987847346118
3 3 0
12 12 1
2 2 0
54 54 1
69 69 0
57 57 1
73 73 1
63 63 0
37 37 0
46 46 0
30 30 0
9 9 0
92 92 0
53 53 0
47 47 0
8 8 1
14 14 0
81 81 1
28 28 1
97 14 692017121236097736
97 97 1
65 65 1
26 26 1
72 72 1
4 4 0
56 56 0
5 5 0
11 11 0
55 55 0
28 28 0
73 73 1
43 43 1
77 77 1
79 79 1
92 89 4
54 54 0
4 4 1
12 12 0
45 45 1
77 77 0
47 47 0
60 60 1
16 16 1
27 27 0
88 88 0
70 70 0
52 52 1
90 90 0
67 67 1
92 92 1
40 40 0
84 84 0
91 91 0
25 25 0
62 62 1
20 20 1
57 57 0
8 8 0
30 30 0
66 66 1
64 64 0
80 80 0
24 24 1
59 59 0
21 21 0
81 81 1
68 68 0
49 49 0
14 14 1
89 89 1
73 73 0
18 18 1
33 33 0
11 11 1
17 17 0
55 55 1
63 63 0
35 35 1
58 58 1
3 3 1
78 78 1
43 43 1
50 50 0
69 69 0
79 79 0
29 29 0
6 6 1
42 42 1
10 10 1
22 22 1
9 9 0
48 48 0
1 1 1
5 5 1
39 39 1
74 74 1
75 75 0
46 46 0
83 83 0
71 71 0
37 37 0
34 34 0
23 23 0
82 82 0
32 32 1
51 51 1
65 65 0
44 44 0
87 87 1
53 53 1
36 36 1
28 28 0
38 38 1
41 41 1
2 2 0
56 56 0
76 76 0
26 26 0
15 15 0
31 31 1
72 72 0
7 7 0
85 85 0
19 19 0
97 92 21
30 30 1
12 12 0
18 18 1
93 93 1
34 34 0
44 44 0
80 80 0
15 15 1
63 63 0
86 86 1
89 89 1
22 22 1
94 94 0
42 42 1
49 49 0
47 47 0
91 91 0
59 59 1
28 28 1
95 95 0
82 82 0
14 14 1
19 19 1
25 25 1
16 16 0
75 75 0
79 79 0
24 24 1
84 84 0
64 64 1
74 74 1
10 10 0
73 73 1
90 90 0
61 61 1
31 31 0
70 70 1
2 2 1
32 32 0
50 50 1
53 53 1
54 54 1
36 36 0
7 7 1
62 62 1
58 58 1
45 45 0
68 68 0
48 48 0
21 21 0
29 29 0
11 11 1
39 39 1
33 33 0
46 46 1
88 88 1
71 71 1
60 60 0
51 51 1
27 27 1
87 87 1
13 13 0
9 9 0
97 97 0
55 55 0
40 40 0
66 66 1
72 72 1
77 77 0
37 37 1
3 3 1
1 1 1
43 43 0
5 5 1
6 6 1
26 26 0
81 81 1
38 38 0
92 92 0
56 56 1
85 85 1
78 78 0
17 17 1
41 41 0
69 69 0
8 8 1
76 76 1
57 57 1
23 23 1
67 67 0
96 96 0
65 65 1
98 82 10077
91 91 0
9 9 0
30 30 1
25 25 1
48 48 1
96 96 1
63 63 1
90 90 1
75 75 1
38 38 0
94 94 1
21 21 0
8 8 1
5 5 0
84 84 0
41 41 0
79 79 0
47 47 0
20 20 1
39 39 0
18 18 1
58 58 1
76 76 0
77 77 1
68 68 1
4 4 0
93 93 1
29 29 0
45 45 1
35 35 1
98 98 0
2 2 1
51 51 0
23 23 1
81 81 0
13 13 1
42 42 1
70 70 0
54 54 0
32 32 1
65 65 1
82 82 1
28 28 1
6 6 1
86 86 1
66 66 1
36 36 1
62 62 1
12 12 1
61 61 1
46 46 1
40 40 0
17 17 0
43 43 0
1 1 1
83 83 1
33 33 0
22 22 1
53 53 0
73 73 0
15 15 1
80 80 0
3 3 0
16 16 1
11 11 0
57 57 1
87 87 1
72 72 1
88 88 1
49 49 1
19 19 0
64 64 1
10 10 0
97 97 0
71 71 1
37 37 1
14 14 0
92 92 0
55 55 0
24 24 1
59 59 0
67 67 0
95 49 20829219856617
72 72 0
75 75 0
91 91 0
1 1 0
38 38 0
56 56 1
27 27 1
6 6 0
94 94 1
39 39 1
67 67 0
85 85 1
15 15 0
58 58 1
95 95 1
12 12 0
43 43 1
65 65 0
62 62 0
22 22 0
32 32 1
29 29 0
51 51 1
47 47 1
9 9 1
8 8 1
77 77 1
61 61 1
35 35 0
63 63 0
44 44 1
2 2 1
76 76 0
64 64 0
49 49 1
68 68 1
28 28 0
66 66 0
26 26 1
3 3 0
34 34 0
48 48 1
30 30 1
71 71 0
50 50 1
89 89 0
19 19 0
46 46 1
54 54 0
98 3 691092650609018689
60 60 0
63 63 0
98 98 1
92 23 673250376915484304
66 66 0
45 45 1
49 49 1
31 31 1
92 92 0
13 13 0
22 22 0
6 6 1
23 23 0
43 43 1
18 18 0
59 59 1
73 73 1
84 84 0
11 11 1
54 54 0
86 86 1
3 3 0
79 79 1
16 16 1
29 29 1
38 38 1
57 57 1
93 12 942668126169863571
34 34 0
35 35 0
76 76 1
7 7 1
66 66 0
64 64 1
1 1 0
51 51 0
71 71 1
89 89 0
30 30 1
24 24 1
92 78 4999
84 84 0
53 53 0
57 57 0
49 49 0
5 5 0
19 19 0
1 1 1
89 89 1
29 29 0
90 90 0
63 63 0
28 28 1
74 74 1
71 71 1
34 34 0
9 9 1
44 44 0
33 33 0
10 10 0
92 92 1
26 26 0
60 60 0
15 15 0
58 58 1
81 81 0
54 54 0
7 7 1
88 88 1
64 64 1
78 78 0
41 41 0
70 70 1
82 82 1
24 24 1
2 2 0
79 79 1
20 20 0
52 52 1
91 91 1
83 83 0
72 72 1
66 66 1
61 61 1
35 35 1
48 48 1
45 45 1
23 23 0
68 68 1
36 36 1
62 62 0
21 21 1
16 16 0
39 39 1
17 17 0
56 56 0
12 12 0
8 8 1
73 73 0
18 18 0
46 46 1
50 50 1
77 77 1
85 85 0
38 38 1
40 40 1
22 22 0
76 76 0
6 6 0
13 13 1
37 37 1
11 11 1
67 67 0
55 55 0
30 30 0
43 43 1
86 86 1
4 4 0
75 75 0
98 45 288971778708319
46 46 1
61 61 0
8 8 0
94 94 1
80 80 0
57 57 1
84 84 1
55 55 1
43 43 1
79 79 1
76 76 0
40 40 1
29 29 1
36 36 1
59 59 0
1 1 0
17 17 1
35 35 0
82 82 1
50 50 0
22 22 1
41 41 0
12 12 1
15 15 1
18 18 1
85 85 1
98 98 0
95 95 0
6 6 0
89 89 0
9 9 0
90 90 0
86 86 1
11 11 1
78 78 0
39 39 0
27 27 1
69 69 1
66 66 0
33 33 1
14 14 1
32 32 0
19 19 0
65 65 1
74 74 1
100 26 320777414480124780
13 13 1
50 50 1
31 31 1
58 58 0
1 1 1
35 35 1
21 21 0
9 9 0
30 30 1
32 32 0
60 60 1
70 70 0
22 22 1
86 86 0
57 57 0
74 74 1
93 93 0
82 82 0
89 89 1
25 25 1
87 87 0
3 3 0
99 99 1
66 66 0
68 68 0
98 98 0
95 72 7810758
28 28 0
2 2 1
12 12 1
47 47 0
48 48 0
37 37 0
56 56 1
45 45 0
55 55 0
72 72 1
87 87 1
93 93 0
20 20 0
24 24 1
68 68 1
58 58 0
88 88 0
59 59 0
35 35 1
26 26 0
85 85 0
82 82 1
62 62 0
78 78 0
18 18 1
4 4 1
71 71 1
8 8 1
1 1 0
22 22 1
74 74 1
31 31 0
53 53 1
16 16 0
40 40 0
83 83 1
43 43 0
7 7 0
30 30 1
95 95 1
73 73 1
79 79 1
3 3 1
15 15 1
44 44 1
81 81 0
94 94 1
32 32 1
42 42 0
92 92 0
41 41 0
49 49 1
21 21 0
67 67 0
60 60 1
52 52 1
10 10 1
89 89 1
84 84 0
38 38 0
51 51 0
90 90 1
34 34 1
23 23 1
61 61 1
11 11 1
70 70 1
91 91 1
29 29 0
69 69 1
50 50 1
66 66 0
92 28 233269913585954816
29 29 0
21 21 0
82 82 0
51 51 1
69 69 1
2 2 0
45 45 1
61 61 0
3 3 1
9 9 1
23 23 1
58 58 0
33 33 0
15 15 1
26 26 1
5 5 0
71 71 0
14 14 0
25 25 1
28 28 1
39 39 0
48 48 0
55 55 1
12 12 1
83 83 0
20 20 0
72 72 1
13 13 1
96 46 94689375652143
1 1 0
59 59 0
51 51 0
93 93 0
5 5 0
50 50 0
3 3 1
91 91 1
96 96 1
9 9 0
36 36 1
53 53 0
30 30 1
47 47 0
75 75 1
12 12 1
72 72 1
28 28 0
39 39 0
62 62 0
66 66 0
79 79 0
35 35 1
17 17 1
69 69 0
42 42 0
92 92 1
14 14 1
32 32 0
83 83 0
82 82 1
13 13 0
56 56 0
26 26 0
95 95 0
71 71 1
29 29 1
37 37 0
85 85 1
22 22 1
64 64 0
78 78 0
81 81 0
80 80 0
48 48 0
68 68 0
99 93 17
37 37 1
97 97 0
16 16 1
96 96 1
12 12 1
5 5 1
86 86 1
13 13 1
29 29 0
62 62 0
85 85 1
63 63 0
51 51 0
81 81 0
34 34 1
52 52 1
91 91 0
68 68 1
7 7 1
55 55 1
61 61 1
31 31 1
84 84 0
47 47 1
90 90 1
39 39 0
94 94 0
50 50 1
56 56 0
25 25 0
64 64 1
38 38 1
19 19 1
36 36 1
59 59 1
74 74 1
43 43 1
88 88 0
67 67 1
45 45 1
33 33 0
4 4 0
73 73 0
8 8 1
48 48 1
76 76 1
87 87 0
49 49 0
98 98 1
24 24 0
20 20 1
9 9 1
53 53 0
78 78 1
80 80 1
41 41 0
65 65 0
83 83 1
10 10 1
46 46 1
99 99 1
27 27 0
14 14 1
95 95 1
40 40 1
23 23 1
69 69 1
42 42 0
57 57 1
15 15 0
35 35 0
44 44 1
11 11 0
82 82 0
72 72 1
66 66 1
89 89 0
22 22 0
18 18 0
92 92 1
28 28 0
71 71 0
2 2 1
21 21 1
79 79 0
3 3 0
75 75 0
70 70 0
30 30 1
17 17 1
1 1 0
26 26 1
32 32 1
93 67 34032027
76 76 0
53 53 0
89 89 0
58 58 1
24 24 0
55 55 0
71 71 0
68 68 1
22 22 0
48 48 1
8 8 1
9 9 1
82 82 0
19 19 0
90 90 1
14 14 0
74 74 0
35 35 1
83 83 1
7 7 0
6 6 0
59 59 0
51 51 0
47 47 0
20 20 0
11 11 1
25 25 1
30 30 0
37 37 1
79 79 0
44 44 1
42 42 0
57 57 0
18 18 0
93 93 0
66 66 0
64 64 1
41 41 1
21 21 1
46 46 1
12 12 1
65 65 1
60 60 0
50 50 0
34 34 1
92 92 1
26 26 0
33 33 0
73 73 1
17 17 0
39 39 0
32 32 0
85 85 0
27 27 0
38 38 1
70 70 0
29 29 0
86 86 0
62 62 1
52 52 1
5 5 0
28 28 1
91 91 1
77 77 0
40 40 0
84 84 1
54 54 0
9 8 2
7 7 0
5 5 0
4 4 0
8 8 0
3 3 1
6 6 0
2 2 1
9 9 0
93 91 2
71 71 1
85 85 0
70 70 0
9 9 1
81 81 1
40 40 0
17 17 0
12 12 1
46 46 1
73 73 1
84 84 1
14 14 0
61 61 0
62 62 0
59 59 1
31 31 0
1 1 1
67 67 1
19 19 1
25 25 1
36 36 1
38 38 1
26 26 0
13 13 0
48 48 0
56 56 0
33 33 0
42 42 0
2 2 1
55 55 1
44 44 0
45 45 1
32 32 0
27 27 1
51 51 1
60 60 0
35 35 0
52 52 0
23 23 1
39 39 0
22 22 0
24 24 0
29 29 0
92 92 1
76 76 0
53 53 0
5 5 0
4 4 0
50 50 1
18 18 1
87 87 1
47 47 1
43 43 0
68 68 0
74 74 1
91 91 1
49 49 1
63 63 1
79 79 1
3 3 1
86 86 0
28 28 1
54 54 1
11 11 1
58 58 0
93 93 0
30 30 1
6 6 1
20 20 0
89 89 0
21 21 0
83 83 0
41 41 0
10 10 1
65 65 1
7 7 1
90 90 0
15 15 0
88 88 1
75 75 1
78 78 1
34 34 0
64 64 1
69 69 1
72 72 0
77 77 1
57 57 1
16 16 0
8 8 1
80 80 1
37 37 0
95 61 16345323636
20 20 0
73 73 0
32 32 0
59 59 0
18 18 0
40 40 1
19 19 0
66 66 1
16 16 0
88 88 0
43 43 0
8 8 0
1 1 1
89 89 1
55 55 0
51 51 0
81 81 1
83 83 1
52 52 0
24 24 0
25 25 1
22 22 1
38 38 0
64 64 1
90 90 1
85 85 0
34 34 1
82 82 1
4 4 1
7 7 1
11 11 1
48 48 1
2 2 0
84 84 0
77 77 1
76 76 0
45 45 0
9 9 0
41 41 1
30 30 0
33 33 0
80 80 1
63 63 0
3 3 0
53 53 0
75 75 1
60 60 0
65 65 0
5 5 0
10 10 1
68 68 1
79 79 1
91 91 0
39 39 0
27 27 1
49 49 0
93 93 0
23 23 0
15 15 1
36 36 0
47 47 1
96 6 199132951881263401
43 43 0
87 87 1
83 83 0
90 90 0
66 66 1
84 84 0
9 4 21
4 4 0
7 7 1
8 8 1
2 2 0
95 9 442824658859672487
81 81 0
38 38 1
52 52 1
5 5 0
15 15 0
47 47 1
56 56 1
72 72 0
24 24 1
98 11 961749061771221387
13 13 0
31 31 0
10 10 1
26 26 1
48 48 0
28 28 0
70 70 0
14 14 0
98 98 0
50 50 0
85 85 1
92 33 360852419116983382
17 17 0
76 76 0
66 66 0
48 48 1
20 20 1
10 10 0
91 91 0
53 53 0
81 81 0
42 42 0
74 74 0
21 21 0
5 5 0
28 28 1
80 80 1
49 49 1
89 89 1
27 27 1
59 59 1
33 33 1
92 92 0
4 4 1
2 2 1
50 50 1
72 72 0
54 54 0
12 12 1
84 84 1
57 57 0
40 40 1
58 58 1
18 18 0
73 73 0
94 41 8014306813663945
71 71 0
59 59 0
85 85 1
4 4 0
56 56 1
5 5 0
52 52 0
69 69 1
30 30 0
82 82 0
12 12 1
29 29 0
25 25 0
38 38 1
60 60 1
94 94 0
79 79 0
16 16 0
54 54 0
3 3 0
42 42 0
20 20 1
19 19 0
66 66 0
33 33 0
84 84 1
87 87 0
23 23 0
88 88 1
51 51 1
8 8 1
91 91 0
68 68 1
57 57 0
80 80 0
58 58 1
63 63 1
53 53 1
77 77 1
28 28 1
31 31 1
94 88 2
83 83 0
64 64 1
9 9 1
29 29 1
61 61 1
7 7 1
53 53 1
17 17 1
2 2 0
52 52 0
38 38 0
87 87 1
31 31 0
34 34 0
40 40 0
43 43 1
62 62 1
81 81 0
76 76 0
89 89 1
56 56 1
47 47 0
26 26 1
18 18 0
93 93 0
8 8 0
69 69 1
32 32 1
85 85 0
24 24 0
16 16 0
54 54 1
41 41 0
82 82 0
25 25 1
14 14 1
37 37 0
27 27 0
12 12 1
65 65 0
48 48 0
19 19 0
1 1 1
60 60 1
58 58 1
3 3 1
20 20 1
72 72 1
84 84 1
23 23 1
55 55 0
59 59 1
13 13 1
46 46 1
74 74 0
44 44 1
63 63 1
73 73 0
39 39 0
4 4 0
80 80 1
42 42 1
35 35 0
75 75 0
5 5 1
10 10 1
71 71 0
78 78 0
68 68 0
51 51 0
15 15 0
21 21 0
22 22 1
45 45 0
91 91 0
36 36 0
30 30 0
92 92 0
67 67 0
70 70 0
79 79 1
88 88 0
33 33 0
49 49 1
6 6 1
90 90 1
66 66 1
28 28 1
95 26 242410863927799836
85 85 0
14 14 1
5 5 0
61 61 0
73 73 0
26 26 1
6 6 0
13 13 0
2 2 1
66 66 0
32 32 0
65 65 0
37 37 0
72 72 0
21 21 0
12 12 0
57 57 0
17 17 0
69 69 0
34 34 0
10 10 0
49 49 0
74 74 0
31 31 0
92 92 1
55 55 0
97 94 2
57 57 1
1 1 0
64 64 0
26 26 1
86 86 0
42 42 1
6 6 0
5 5 0
22 22 0
40 40 1
47 47 0
37 37 1
83 83 0
9 9 1
39 39 0
4 4 0
11 11 0
71 71 1
54 54 0
65 65 0
67 67 0
53 53 0
16 16 1
21 21 1
32 32 0
61 61 0
46 46 1
24 24 0
49 49 1
43 43 0
12 12 0
35 35 0
75 75 1
70 70 1
69 69 1
76 76 1
18 18 0
59 59 0
95 95 0
63 63 1
17 17 0
91 91 0
79 79 0
41 41 0
93 93 1
90 90 1
62 62 1
97 97 1
84 84 1
81 81 1
7 7 1
15 15 1
60 60 1
33 33 1
28 28 1
51 51 1
85 85 0
10 10 1
3 3 0
94 94 0
25 25 1
50 50 0
80 80 0
27 27 0
58 58 1
38 38 1
31 31 0
89 89 1
52 52 0
68 68 0
87 87 0
34 34 1
88 88 0
96 96 1
30 30 0
55 55 1
56 56 0
23 23 0
73 73 0
45 45 1
92 92 1
8 8 0
78 78 0
20 20 1
77 77 0
82 82 1
44 44 0
19 19 1
29 29 0
36 36 0
72 72 0
2 2 1
74 74 1
48 48 0
98 18 593129368426754858
45 45 1
39 39 1
62 62 1
95 95 1
52 52 0
60 60 1
8 8 0
87 87 0
65 65 0
47 47 0
58 58 1
37 37 1
1 1 0
6 6 1
81 81 0
76 76 1
51 51 0
67 67 1
99 14 832663486630590275
78 78 0
52 52 0
62 62 1
60 60 0
26 26 0
31 31 1
40 40 1
99 99 1
11 11 1
83 83 1
66 66 1
93 93 0
57 57 0
92 92 1
100 14 62848812522474540
47 47 0
79 79 1
45 45 0
52 52 0
35 35 0
85 85 1
77 77 0
70 70 1
50 50 0
13 13 0
64 64 1
89 89 0
95 95 0
91 91 1
97 27 504555158065402290
89 89 1
9 9 0
36 36 0
23 23 0
61 61 0
38 38 0
80 80 1
59 59 0
62 62 0
8 8 0
66 66 0
96 96 0
29 29 1
97 97 1
11 11 0
55 55 0
57 57 1
39 39 0
12 12 0
32 32 0
43 43 0
50 50 1
3 3 1
16 16 0
44 44 1
56 56 1
15 15 0
96 1 422696708108885997
9 9 1
96 4 249773649488177039
69 69 0
3 3 0
41 41 1
59 59 1
93 30 415979811960375047
42 42 1
46 46 0
43 43 1
93 93 1
27 27 1
9 9 1
26 26 1
31 31 1
86 86 1
3 3 0
8 8 0
77 77 1
50 50 0
72 72 0
62 62 0
7 7 0
23 23 1
36 36 0
28 28 0
16 16 0
13 13 0
73 73 0
81 81 1
15 15 0
79 79 1
87 87 1
69 69 0
80 80 1
64 64 1
55 55 1
99 65 11308250467
73 73 0
23 23 1
98 98 0
94 94 0
17 17 0
41 41 1
38 38 0
34 34 0
92 92 1
67 67 0
35 35 1
19 19 0
59 59 0
90 90 0
78 78 0
84 84 0
1 1 0
89 89 0
58 58 0
53 53 1
28 28 0
57 57 1
9 9 0
49 49 0
55 55 1
82 82 1
91 91 0
81 81 1
86 86 1
69 69 0
87 87 1
83 83 1
79 79 1
16 16 0
74 74 0
42 42 0
62 62 1
10 10 1
65 65 1
61 61 1
12 12 1
71 71 0
47 47 1
26 26 0
99 99 1
46 46 1
8 8 1
72 72 0
14 14 1
85 85 0
11 11 1
43 43 0
44 44 1
31 31 0
88 88 0
36 36 1
13 13 0
60 60 1
4 4 0
97 97 1
5 5 1
30 30 0
6 6 0
2 2 1
29 29 0
93 16 314193435712616289
51 51 0
52 52 1
35 35 1
53 53 0
62 62 1
22 22 0
24 24 0
46 46 1
68 68 0
85 85 1
5 5 0
65 65 0
84 84 1
93 93 1
19 19 1
10 10 1
99 68 380390320
38 38 0
50 50 1
47 47 0
93 93 0
80 80 0
95 95 1
31 31 1
7 7 0
97 97 0
89 89 0
16 16 1
86 86 1
94 94 0
99 99 1
84 84 0
63 63 1
24 24 0
36 36 1
53 53 0
73 73 1
26 26 0
21 21 1
2 2 1
92 92 1
8 8 0
61 61 0
78 78 1
6 6 1
9 9 0
34 34 0
68 68 1
35 35 0
12 12 0
22 22 1
49 49 0
17 17 0
71 71 0
66 66 0
98 98 0
75 75 1
64 64 1
3 3 0
88 88 0
20 20 0
29 29 1
13 13 1
33 33 0
59 59 1
83 83 1
96 96 0
1 1 0
28 28 0
32 32 1
54 54 1
77 77 1
76 76 0
65 65 0
30 30 0
82 82 0
56 56 0
19 19 1
48 48 0
85 85 0
74 74 0
15 15 0
46 46 1
51 51 0
37 37 1
96 51 27378667745426
69 69 1
1 1 0
96 96 0
21 21 0
11 11 0
6 6 1
14 14 0
80 80 0
8 8 1
56 56 0
72 72 1
13 13 0
94 94 1
2 2 1
25 25 1
90 90 1
51 51 1
78 78 1
54 54 0
84 84 0
28 28 0
39 39 1
34 34 1
92 92 0
68 68 0
26 26 1
49 49 0
55 55 1
88 88 1
4 4 1
45 45 1
35 35 1
93 93 1
18 18 1
47 47 0
86 86 1
30 30 1
38 38 0
36 36 0
19 19 1
22 22 0
85 85 1
15 15 1
75 75 1
44 44 1
79 79 1
71 71 1
10 10 1
43 43 0
32 32 0
76 76 1
97 87 655
58 58 0
21 21 1
96 96 0
53 53 1
85 85 1
59 59 0
90 90 0
5 5 1
65 65 0
60 60 0
76 76 0
86 86 0
88 88 1
55 55 0
43 43 0
75 75 0
39 39 0
68 68 1
61 61 0
32 32 0
26 26 1
38 38 1
79 79 0
30 30 0
16 16 0
94 94 0
37 37 1
52 52 1
10 10 1
2 2 0
74 74 0
78 78 0
23 23 0
42 42 0
8 8 1
27 27 0
77 77 0
36 36 0
7 7 1
73 73 0
81 81 1
67 67 1
56 56 0
49 49 1
17 17 0
66 66 0
18 18 0
97 97 1
15 15 1
70 70 0
48 48 0
64 64 0
22 22 0
41 41 1
20 20 0
9 9 1
28 28 0
44 44 0
11 11 1
82 82 1
4 4 0
47 47 1
72 72 1
25 25 1
80 80 1
46 46 0
35 35 1
95 95 0
57 57 0
71 71 1
31 31 0
6 6 1
29 29 1
19 19 0
12 12 1
3 3 0
50 50 1
69 69 1
54 54 0
1 1 1
63 63 0
33 33 0
87 87 0
13 13 1
24 24 0
83 83 1
40 40 1
95 29 599763246189326170
40 40 1
67 67 1
1 1 0
34 34 1
7 7 1
32 32 1
48 48 0
94 94 0
56 56 0
17 17 1
92 92 1
59 59 0
39 39 0
85 85 0
70 70 0
68 68 0
5 5 0
58 58 1
46 46 0
76 76 0
82 82 1
50 50 1
33 33 1
53 53 1
89 89 1
12 12 1
24 24 0
81 81 0
72 72 1
98 66 1032680049
36 36 0
12 12 0
23 23 1
9 9 1
69 69 1
17 17 1
40 40 1
31 31 1
3 3 0
20 20 1
60 60 0
92 92 0
97 97 0
50 50 1
47 47 0
51 51 0
39 39 0
76 76 1
11 11 0
91 91 1
41 41 0
25 25 1
15 15 1
77 77 1
90 90 0
32 32 0
73 73 1
71 71 0
75 75 1
82 82 1
64 64 0
68 68 1
18 18 0
27 27 1
22 22 0
45 45 1
83 83 0
96 96 0
26 26 1
88 88 1
34 34 0
55 55 1
54 54 0
19 19 0
24 24 0
53 53 1
28 28 1
43 43 1
74 74 0
95 95 0
14 14 0
58 58 0
93 93 1
10 10 1
85 85 1
37 37 1
8 8 1
7 7 0
42 42 0
29 29 1
62 62 1
57 57 1
13 13 0
98 98 0
78 78 0
94 94 0
98 73 28876803
45 45 0
22 22 0
79 79 1
44 44 1
33 33 0
67 67 0
49 49 1
57 57 0
43 43 1
37 37 0
30 30 1
54 54 0
95 95 0
86 86 1
5 5 1
19 19 0
16 16 0
27 27 1
98 98 0
39 39 0
63 63 1
17 17 1
83 83 0
15 15 1
89 89 0
46 46 1
85 85 0
23 23 1
48 48 0
80 80 1
84 84 0
7 7 0
62 62 1
74 74 1
70 70 1
34 34 0
12 12 1
3 3 0
71 71 1
97 97 0
11 11 0
75 75 1
47 47 1
8 8 0
53 53 0
94 94 1
77 77 0
14 14 1
91 91 0
69 69 1
73 73 1
87 87 0
93 93 0
32 32 1
88 88 0
10 10 0
90 90 1
58 58 1
81 81 1
52 52 0
41 41 1
66 66 1
96 96 1
78 78 0
55 55 0
56 56 0
26 26 0
24 24 1
40 40 1
1 1 1
68 68 0
50 50 0
20 20 1
100 76 13182393
92 92 0
3 3 0
26 26 1
2 2 0
9 9 1
86 86 0
21 21 1
25 25 1
7 7 1
33 33 1
11 11 0
88 88 0
69 69 1
70 70 1
13 13 1
50 50 0
39 39 1
32 32 0
22 22 1
35 35 0
67 67 1
82 82 0
28 28 0
30 30 1
40 40 0
56 56 1
19 19 0
47 47 0
53 53 0
8 8 0
68 68 1
42 42 1
14 14 1
65 65 0
41 41 0
54 54 1
87 87 0
83 83 0
74 74 1
96 96 1
6 6 1
76 76 1
63 63 0
29 29 0
46 46 1
95 95 0
12 12 0
58 58 1
72 72 1
66 66 0
36 36 1
79 79 0
16 16 0
15 15 1
18 18 0
45 45 1
98 98 1
93 93 0
60 60 0
57 57 0
38 38 1
43 43 1
34 34 1
37 37 1
10 10 1
17 17 1
80 80 1
55 55 0
99 99 1
49 49 1
94 94 0
84 84 1
24 24 1
89 89 0
5 5 1
64 64 1
97 88 233
60 60 0
6 6 1
80 80 0
76 76 1
85 85 1
51 51 1
83 83 1
42 42 0
90 90 1
39 39 0
65 65 1
54 54 1
32 32 1
55 55 0
46 46 1
91 91 1
53 53 1
44 44 0
29 29 1
58 58 1
25 25 1
47 47 0
94 94 1
31 31 1
52 52 0
43 43 0
78 78 1
3 3 0
28 28 1
61 61 0
12 12 0
21 21 0
2 2 1
56 56 1
62 62 1
40 40 0
10 10 1
24 24 1
38 38 1
63 63 0
50 50 1
17 17 0
20 20 0
5 5 0
66 66 0
36 36 0
84 84 1
57 57 0
27 27 0
4 4 1
33 33 0
96 96 1
89 89 1
74 74 1
26 26 0
68 68 1
30 30 0
45 45 0
93 93 0
64 64 1
11 11 1
19 19 0
14 14 0
97 97 1
69 69 0
22 22 0
18 18 0
81 81 1
16 16 0
9 9 0
1 1 1
13 13 1
79 79 0
34 34 1
77 77 1
37 37 0
49 49 0
71 71 1
59 59 0
92 92 1
73 73 0
88 88 0
23 23 0
35 35 0
72 72 1
75 75 0
86 86 1
8 8 1
6 4 4
6 6 1
2 2 0
4 4 0
3 3 0
96 6 141951651660683027
79 79 1
4 4 0
7 7 1
87 87 1
2 2 1
45 45 1
95 2 590464643299036991
84 84 1
68 68 0
6 1 1
2 2 0
8 3 19
4 4 1
1 1 1
5 5 1
6 3 1
3 3 1
1 1 0
5 5 1
95 78 80399
8 8 1
45 45 1
90 90 0
61 61 1
56 56 1
54 54 0
32 32 0
40 40 1
2 2 1
4 4 1
72 72 0
14 14 0
80 80 0
78 78 1
95 95 1
66 66 0
60 60 0
76 76 0
38 38 1
73 73 0
86 86 1
91 91 1
94 94 1
85 85 0
24 24 1
71 71 0
37 37 1
23 23 1
10 10 0
58 58 0
88 88 0
1 1 0
48 48 0
70 70 0
17 17 0
57 57 0
87 87 0
13 13 0
31 31 0
50 50 0
7 7 0
3 3 1
43 43 1
19 19 0
82 82 1
20 20 1
28 28 0
79 79 1
83 83 1
55 55 0
63 63 0
77 77 0
89 89 0
64 64 0
16 16 0
59 59 1
15 15 0
84 84 0
67 67 0
11 11 1
44 44 0
34 34 0
30 30 1
74 74 1
93 93 1
12 12 1
5 5 1
36 36 1
92 92 0
29 29 1
75 75 0
22 22 0
68 68 0
21 21 0
46 46 1
69 69 1
81 81 0
65 65 0
