Case #1: 3 4 6 
Case #2: 4 7 8 9 10 14 15 
Case #3: 3 4 5 
Case #4: 35 36 39 45 47 51 53 56 58 61 63 64 67 70 72 74 76 79 80 81 83 85 87 88 89 
Case #5: 13 61 108 154 199 243 286 328 369 409 448 486 523 524 525 526 527 528 529 530 531 532 533 534 535 536 537 538 539 540 541 542 543 544 545 546 547 548 549 550 551 552 553 554 555 556 557 558 559 1251 
Case #6: 6 8 
Case #7: 6 7 8 9 10 11 12 13 14 15 
Case #8: 1 8 15 22 29 36 43 
Case #9: 43 49 59 62 76 78 79 90 96 99 104 107 114 118 125 128 130 
Case #10: 1 2 3 7 
Case #11: 141 161 209 212 270 279 291 296 322 356 
Case #12: 2351 2352 2353 2354 2355 2356 2357 2358 2359 2360 2361 2362 2363 2364 2365 2366 2367 2368 2369 2370 2371 2372 2373 2374 2375 2376 2377 2378 2379 2380 2381 2382 2383 2384 2385 2386 2387 2388 2389 2390 2391 2392 2393 2394 2395 2396 2397 2398 2399 2400 
Case #13: 5 10 14 17 19 20 30 
Case #14: 8 31 53 74 94 113 131 148 149 150 151 152 153 154 155 156 157 158 159 160 161 162 163 164 315 
Case #15: 6 14 21 27 32 36 37 38 39 57 
Case #16: 3 5 8 10 
Case #17: 76 116 135 139 158 175 196 
Case #18: 36 39 42 43 46 50 53 59 61 64 66 69 72 73 75 78 81 82 87 88 92 96 97 100 
Case #19: 2 22 
Case #20: 48 72 89 91 
Case #21: 74 76 80 81 82 86 87 89 91 93 95 97 102 104 107 109 112 117 118 121 123 125 127 129 131 133 134 136 137 139 140 143 147 148 150 152 155 156 159 160 163 165 167 168 169 173 176 178 180 181 
Case #22: 7 9 11 13 
Case #23: 10 14 16 19 21 25 28 30 34 36 38 
Case #24: 8 9 10 11 12 13 14 15 16 17 18 19 20 21 22 23 24 25 26 27 28 29 30 31 32 
Case #25: 188 195 234 255 295 317 334 346 349 356 385 419 447 467 478 480 496 528 532 554 569 580 591 613 627 
Case #26: 7 10 11 14 15 17 18 20 22 24 25 
Case #27: 15 18 23 27 31 33 36 39 43 44 48 51 53 55 58 63 65 68 71 74 75 77 79 81 82 
Case #28: 6 8 11 13 15 17 19 21 23 24 26 28 30 32 34 35 36 38 39 41 43 44 45 46 48 
Case #29: 2 12 22 32 42 52 62 72 82 92 
Case #30: 2 3 4 
Case #31: 50 69 84 85 92 96 101 102 105 114 116 125 128 130 132 135 136 141 142 148 152 
Case #32: 2 3 4 5 
Case #33: 526 527 528 529 530 531 532 533 534 535 536 537 538 539 540 541 542 543 544 545 546 547 548 549 550 
Case #34: 7 8 9 10 11 12 13 
Case #35: 12 15 16 17 19 22 24 25 28 31 32 33 34 36 38 39 41 43 45 46 48 49 
Case #36: 13 14 15 16 
Case #37: 42 61 64 70 77 83 85 87 93 94 101 102 111 112 115 125 130 
Case #38: 361 395 402 457 499 520 523 540 566 573 620 638 668 687 716 730 748 780 810 821 850 885 899 942 960 983 999 1029 1030 1042 1054 1081 1105 1115 1141 1155 1177 1195 1201 1224 1240 1256 1272 1305 1327 1335 1350 1361 1379 1397 
Case #39: 4 8 
Case #40: 2 4 6 7 8 10 11 13 16 19 
Case #41: 3 5 6 8 10 12 16 
Case #42: 6 10 12 18 22 23 25 27 31 34 36 39 43 47 48 49 52 
Case #43: 22 222 
Case #44: 1 2 3 
Case #45: 81 91 99 104 111 114 116 119 121 123 128 132 136 139 145 150 153 157 158 163 166 169 172 174 179 183 187 189 190 194 195 197 200 203 206 207 210 211 215 217 220 224 227 228 230 232 234 235 239 242 
Case #46: 10 12 15 17 18 20 22 23 25 26 
Case #47: 2 6 
Case #48: 8 9 10 11 12 13 14 15 16 17 18 19 20 21 22 23 24 25 26 27 28 29 30 31 32 33 34 35 36 37 38 39 40 41 42 43 44 45 46 47 48 49 50 51 52 53 54 55 56 57 
Case #49: 11 24 27 31 35 39 42 45 48 49 52 55 56 59 63 67 
Case #50: 2 4 
