Case #1: 3 4 6 
Case #2: 9 13 15 19 
Case #3: 4 8 
Case #4: 19 23 26 31 35 37 41 46 47 53 
Case #5: 3 5 6 7 9 
Case #6: 3 7 11 15 
Case #7: 2 4 
Case #8: 1 2 3 7 
Case #9: 1 2 3 4 
Case #10: 26 27 34 39 41 45 46 53 59 61 
Case #11: 4 7 10 11 
Case #12: 2 3 5 6 
Case #13: 2 3 4 
Case #14: 13 26 28 31 35 42 46 48 50 
Case #15: 31 32 33 34 35 36 37 38 39 40 
Case #16: 4 5 8 10 11 13 15 17 18 
Case #17: 2 4 5 7 9 11 
Case #18: 1 2 3 4 5 6 7 8 9 47 
Case #19: 1 3 6 8 
Case #20: 15 16 21 24 27 31 34 41 
Case #21: 2 7 8 9 10 11 25 
Case #22: 4 6 8 12 15 18 21 
Case #23: 6 7 10 
Case #24: 31 33 61 79 93 118 130 131 173 188 
Case #25: 2 22 
Case #26: 7 9 11 14 15 19 20 21 24 25 
Case #27: 7 8 9 10 11 12 13 14 15 16 
Case #28: 6 12 18 36 
Case #29: 6 9 12 16 20 
Case #30: 6 9 10 13 
Case #31: 2 6 
Case #32: 1 8 13 36 52 72 90 
Case #33: 9 16 18 20 22 25 27 28 29 32 
Case #34: 3 5 7 8 9 10 11 
Case #35: 8 14 15 18 21 26 29 
Case #36: 12 15 22 26 30 33 
Case #37: 2 3 
Case #38: 6 8 
Case #39: 3 5 7 
Case #40: 6 11 14 17 21 22 25 26 29 
Case #41: 3 6 9 12 15 16 17 19 22 24 
Case #42: 22 222 
Case #43: 2 3 4 5 6 7 8 
Case #44: 2 4 5 6 
Case #45: 10 15 18 25 27 28 31 33 
Case #46: 3 4 5 
Case #47: 6 13 20 27 34 41 48 
Case #48: 12 15 18 20 24 27 28 
Case #49: 1 2 3 
Case #50: 14 27 29 37 38 43 
